BulletTrain <- c("#9a0138","#f688ee","#000775","#e1e7fa","#828ef7")

narbha <- c("#6b7e7d","#4b605e","#e3efe6","#7ea5da","#dfa689","#942d3d","#b17e8d",
             "#8cccfc","#fbcc94","#7a7fa8")

Wellbeing <- c("#a454ca","#faede2","#5e3e97","#f4a464")